   0.0000000000000000        0.0000000000000000     
  0.20000000000000001       0.39708518185539848     
  0.40000000000000002       0.79417036371079697     
  0.60000000000000009        1.1912555455661955     
  0.80000000000000004        1.5883407274215939     
   1.0000000000000000        1.9854259092769924     
   1.2000000000000002        2.3825110911323910     
   1.4000000000000001        2.7795962729877894     
   1.6000000000000001        3.1766814548431879     
   1.8000000000000000        3.5737666366985863     
   2.0000000000000000        3.9708518185539847     
   2.2000000000000002        4.3679370004093832     
   2.4000000000000004        4.7650221822647820     
   2.6000000000000001        5.1621073641201809     
   2.8000000000000003        5.5591925459755798     
   3.0000000000000000        5.9562777278309786     
   3.2000000000000002        6.3533629096863775     
   3.4000000000000004        6.7504480915417764     
   3.6000000000000001        7.1475332733971753     
   3.8000000000000003        7.5446184552525741     
   4.0000000000000000        7.9417036371079730     
   4.2000000000000002        8.3387888189633710     
   4.4000000000000004        8.7358740008187699     
   4.6000000000000005        9.1329591826741687     
   4.8000000000000007        9.5300443645295676     
   5.0000000000000000        9.9271295463849665     
   5.2000000000000002        10.324214728240365     
   5.4000000000000004        10.721299910095764     
   5.6000000000000005        11.118385091951163     
   5.8000000000000007        11.515470273806562     
