  0.00000000E+00  0.00000000E+00 -4.89900000E+01  0.00000000E+00  4.18288243E-01  1.37266040E-02 -5.11557131E-02
  2.00000000E-01  8.36576486E-02 -4.89872547E+01  0.00000000E+00  4.33930469E-01  1.74186387E-02 -5.09102630E-02
  4.00000000E-01  1.72007965E-01 -4.89834017E+01  0.00000000E+00  4.52299168E-01  2.25749529E-02 -5.04512890E-02
  6.00000000E-01  2.64304668E-01 -4.89783711E+01  0.00000000E+00  4.72189760E-01  2.92121825E-02 -4.96954135E-02
  8.00000000E-01  3.60731679E-01 -4.89718650E+01  0.00000000E+00  4.93655323E-01  3.77382250E-02 -4.86921172E-02
  1.00000000E+00  4.61609300E-01 -4.89634647E+01  0.00000000E+00  5.16800342E-01  4.85385126E-02 -4.73407064E-02
  1.20000000E+00  5.67283871E-01 -4.89526770E+01  0.00000000E+00  5.41725242E-01  6.21673145E-02 -4.56528287E-02
  1.40000000E+00  6.78121409E-01 -4.89388806E+01  0.00000000E+00  5.68432730E-01  7.89099334E-02 -4.35131597E-02
  1.60000000E+00  7.94478704E-01 -4.89214244E+01  0.00000000E+00  5.96914385E-01  9.93480449E-02 -4.10027924E-02
  1.80000000E+00  9.16709746E-01 -4.88995110E+01  0.00000000E+00  6.27140578E-01  1.23923855E-01 -3.81424115E-02
  2.00000000E+00  1.04516048E+00 -4.88722686E+01  0.00000000E+00  6.58983591E-01  1.52947643E-01 -3.49707366E-02
  2.20000000E+00  1.18014150E+00 -4.88387767E+01  0.00000000E+00  6.92239707E-01  1.86576372E-01 -3.15647518E-02
  2.40000000E+00  1.32191505E+00 -4.87980986E+01  0.00000000E+00  7.26624903E-01  2.24738366E-01 -2.80226715E-02
  2.60000000E+00  1.47067855E+00 -4.87493347E+01  0.00000000E+00  7.61773416E-01  2.67104775E-01 -2.44562454E-02
  2.80000000E+00  1.62654809E+00 -4.86916771E+01  0.00000000E+00  7.97264803E-01  3.13095603E-01 -2.09824337E-02
  3.00000000E+00  1.78955019E+00 -4.86244589E+01  0.00000000E+00  8.32649161E-01  3.61920121E-01 -1.77080737E-02
  3.20000000E+00  1.95961846E+00 -4.85471924E+01  0.00000000E+00  8.67475895E-01  4.12641674E-01 -1.47154470E-02
  3.40000000E+00  2.13659631E+00 -4.84595919E+01  0.00000000E+00  9.01337107E-01  4.64296659E-01 -1.20656477E-02
  3.60000000E+00  2.32024985E+00 -4.83615671E+01  0.00000000E+00  9.33879296E-01  5.15916566E-01 -9.77566821E-03
  3.80000000E+00  2.51027993E+00 -4.82532218E+01  0.00000000E+00  9.64833961E-01  5.66680441E-01 -7.84789377E-03
  4.00000000E+00  2.70634219E+00 -4.81348093E+01  0.00000000E+00  9.94010154E-01  6.15877348E-01 -6.25337317E-03
  4.20000000E+00  2.90806184E+00 -4.80067142E+01  0.00000000E+00  1.02130392E+00  6.63003704E-01 -4.95961408E-03
  4.40000000E+00  3.11505200E+00 -4.78694008E+01  0.00000000E+00  1.04667250E+00  7.07678931E-01 -3.91999264E-03
  4.60000000E+00  3.32692336E+00 -4.77233975E+01  0.00000000E+00  1.07013924E+00  7.49709150E-01 -3.09522233E-03
  4.80000000E+00  3.54329788E+00 -4.75692526E+01  0.00000000E+00  1.09176088E+00  7.88985206E-01 -2.44281925E-03
  5.00000000E+00  3.76381222E+00 -4.74075280E+01  0.00000000E+00  1.11162896E+00  8.25512893E-01 -1.92881517E-03
  5.20000000E+00  3.98812482E+00 -4.72387726E+01  0.00000000E+00  1.12985958E+00  8.59390327E-01 -1.52825307E-03
  5.40000000E+00  4.21591980E+00 -4.70635068E+01  0.00000000E+00  1.14656115E+00  8.90695946E-01 -1.21165075E-03
  5.60000000E+00  4.44690218E+00 -4.68822371E+01  0.00000000E+00  1.16185824E+00  9.19589328E-01 -9.62060402E-04
  5.80000000E+00  4.68080354E+00 -4.66954299E+01  0.00000000E+00  1.17587501E+00  9.46252601E-01 -7.66989285E-04
