  0.00000000E+00  0.00000000E+00 -4.89990000E+01  0.00000000E+00  3.11112753E-01  1.40056220E-03 -4.87691501E-02
  5.00000000E-02  1.55556376E-02 -4.89989300E+01  0.00000000E+00  3.13467956E-01  1.49522610E-03 -4.88931590E-02
  1.00000000E-01  3.12879155E-02 -4.89988528E+01  0.00000000E+00  3.15931167E-01  1.60276942E-03 -4.90217647E-02
  1.50000000E-01  4.71460542E-02 -4.89987700E+01  0.00000000E+00  3.18440576E-01  1.71607120E-03 -4.91534204E-02
  2.00000000E-01  6.31308182E-02 -4.89986814E+01  0.00000000E+00  3.20999238E-01  1.84398980E-03 -4.92950172E-02
  2.50000000E-01  7.92447466E-02 -4.89985860E+01  0.00000000E+00  3.23612318E-01  1.97688022E-03 -4.94409288E-02
  3.00000000E-01  9.54906895E-02 -4.89984838E+01  0.00000000E+00  3.26246442E-01  2.11983814E-03 -4.95614246E-02
  3.50000000E-01  1.11868865E-01 -4.89983743E+01  0.00000000E+00  3.28942340E-01  2.27506686E-03 -4.97012647E-02
  4.00000000E-01  1.28383379E-01 -4.89982566E+01  0.00000000E+00  3.31651276E-01  2.44146936E-03 -4.97978270E-02
  4.50000000E-01  1.45033666E-01 -4.89981304E+01  0.00000000E+00  3.34423854E-01  2.61740026E-03 -4.99141969E-02
  5.00000000E-01  1.61824173E-01 -4.89979951E+01  0.00000000E+00  3.37253879E-01  2.79942428E-03 -5.00333110E-02
  5.50000000E-01  1.78757618E-01 -4.89978506E+01  0.00000000E+00  3.40103189E-01  2.99997399E-03 -5.01380042E-02
  6.00000000E-01  1.95834010E-01 -4.89976956E+01  0.00000000E+00  3.43018412E-01  3.21104099E-03 -5.02513551E-02
  6.50000000E-01  2.13057811E-01 -4.89975298E+01  0.00000000E+00  3.46016546E-01  3.45051307E-03 -5.04030861E-02
  7.00000000E-01  2.30433592E-01 -4.89973512E+01  0.00000000E+00  3.48953923E-01  3.69067134E-03 -5.04158837E-02
  7.50000000E-01  2.47954723E-01 -4.89971607E+01  0.00000000E+00  3.52053231E-01  3.95171672E-03 -5.05571743E-02
  8.00000000E-01  2.65634867E-01 -4.89969566E+01  0.00000000E+00  3.55155233E-01  4.24389567E-03 -5.06416911E-02
  8.50000000E-01  2.83470179E-01 -4.89967371E+01  0.00000000E+00  3.58335265E-01  4.54047221E-03 -5.07371682E-02
  9.00000000E-01  3.01466443E-01 -4.89965027E+01  0.00000000E+00  3.61519219E-01  4.86544986E-03 -5.07771266E-02
  9.50000000E-01  3.19622002E-01 -4.89962513E+01  0.00000000E+00  3.64801253E-01  5.21321420E-03 -5.08623620E-02
  1.00000000E+00  3.37944116E-01 -4.89959819E+01  0.00000000E+00  3.68149110E-01  5.58665095E-03 -5.09424772E-02
  1.05000000E+00  3.56435268E-01 -4.89956932E+01  0.00000000E+00  3.71544882E-01  5.98117946E-03 -5.10083840E-02
  1.10000000E+00  3.75097406E-01 -4.89953843E+01  0.00000000E+00  3.74979031E-01  6.39676979E-03 -5.10468417E-02
  1.15000000E+00  3.93932211E-01 -4.89950541E+01  0.00000000E+00  3.78500360E-01  6.85229964E-03 -5.11109700E-02
  1.20000000E+00  4.12945263E-01 -4.89947001E+01  0.00000000E+00  3.82077989E-01  7.33961927E-03 -5.11560934E-02
  1.25000000E+00  4.32138603E-01 -4.89943209E+01  0.00000000E+00  3.85710786E-01  7.86335410E-03 -5.11868985E-02
  1.30000000E+00  4.51514962E-01 -4.89939147E+01  0.00000000E+00  3.89443228E-01  8.41680291E-03 -5.12414631E-02
  1.35000000E+00  4.71080435E-01 -4.89934800E+01  0.00000000E+00  3.93180130E-01  8.99412622E-03 -5.12182467E-02
  1.40000000E+00  4.90832864E-01 -4.89930158E+01  0.00000000E+00  3.97040692E-01  9.63349355E-03 -5.12605423E-02
  1.45000000E+00  5.10781412E-01 -4.89925182E+01  0.00000000E+00  4.00948626E-01  1.03121381E-02 -5.12599847E-02
  1.50000000E+00  5.30926542E-01 -4.89919856E+01  0.00000000E+00  4.04919567E-01  1.10358813E-02 -5.12436467E-02
  1.55000000E+00  5.51271794E-01 -4.89914157E+01  0.00000000E+00  4.08982857E-01  1.18042452E-02 -5.12289725E-02
  1.60000000E+00  5.71822519E-01 -4.89908063E+01  0.00000000E+00  4.13112009E-01  1.26315794E-02 -5.12040845E-02
  1.65000000E+00  5.92581348E-01 -4.89901540E+01  0.00000000E+00  4.17298411E-01  1.35084868E-02 -5.11407828E-02
  1.70000000E+00  6.13550929E-01 -4.89894567E+01  0.00000000E+00  4.21588256E-01  1.44433773E-02 -5.10959215E-02
  1.75000000E+00  6.34737588E-01 -4.89887111E+01  0.00000000E+00  4.25962351E-01  1.54539763E-02 -5.10457659E-02
  1.80000000E+00  6.56145058E-01 -4.89879132E+01  0.00000000E+00  4.30418157E-01  1.65345857E-02 -5.09786901E-02
  1.85000000E+00  6.77777361E-01 -4.89870594E+01  0.00000000E+00  4.34962759E-01  1.76728017E-02 -5.09005481E-02
  1.90000000E+00  6.99639114E-01 -4.89861473E+01  0.00000000E+00  4.39558117E-01  1.88883428E-02 -5.07748247E-02
  1.95000000E+00  7.21731903E-01 -4.89851725E+01  0.00000000E+00  4.44278042E-01  2.02036890E-02 -5.06788239E-02
  2.00000000E+00  7.44063804E-01 -4.89841295E+01  0.00000000E+00  4.49085571E-01  2.15977716E-02 -5.05546179E-02
  2.05000000E+00  7.66638270E-01 -4.89830147E+01  0.00000000E+00  4.53968374E-01  2.30887520E-02 -5.03977003E-02
  2.10000000E+00  7.89458759E-01 -4.89818230E+01  0.00000000E+00  4.58932921E-01  2.46547425E-02 -5.02080275E-02
  2.15000000E+00  8.12529519E-01 -4.89805511E+01  0.00000000E+00  4.63994250E-01  2.63262721E-02 -5.00103960E-02
  2.20000000E+00  8.35855765E-01 -4.89791930E+01  0.00000000E+00  4.69174265E-01  2.81403395E-02 -4.98200680E-02
  2.25000000E+00  8.59443978E-01 -4.89777407E+01  0.00000000E+00  4.74462791E-01  3.00406935E-02 -4.96146181E-02
  2.30000000E+00  8.83299331E-01 -4.89761911E+01  0.00000000E+00  4.79820631E-01  3.20722997E-02 -4.93594761E-02
  2.35000000E+00  9.07424309E-01 -4.89745367E+01  0.00000000E+00  4.85318601E-01  3.42672970E-02 -4.91264149E-02
  2.40000000E+00  9.31827688E-01 -4.89727685E+01  0.00000000E+00  4.90900033E-01  3.65481785E-02 -4.88356071E-02
  2.45000000E+00  9.56512225E-01 -4.89708840E+01  0.00000000E+00  4.96572817E-01  3.90019900E-02 -4.85206222E-02
  2.50000000E+00  9.81482686E-01 -4.89688726E+01  0.00000000E+00  5.02376809E-01  4.15995187E-02 -4.82035616E-02
  2.55000000E+00  1.00674663E+00 -4.89667277E+01  0.00000000E+00  5.08281588E-01  4.43584260E-02 -4.78539738E-02
  2.60000000E+00  1.03230832E+00 -4.89644408E+01  0.00000000E+00  5.14285223E-01  4.72714976E-02 -4.74687066E-02
  2.65000000E+00  1.05817268E+00 -4.89620044E+01  0.00000000E+00  5.20436541E-01  5.04042579E-02 -4.71007059E-02
  2.70000000E+00  1.08434829E+00 -4.89594059E+01  0.00000000E+00  5.26678307E-01  5.36865807E-02 -4.66795331E-02
  2.75000000E+00  1.11083825E+00 -4.89566395E+01  0.00000000E+00  5.33045802E-01  5.71826051E-02 -4.62460355E-02
  2.80000000E+00  1.13764972E+00 -4.89536929E+01  0.00000000E+00  5.39535646E-01  6.08727683E-02 -4.57922927E-02
  2.85000000E+00  1.16478875E+00 -4.89505570E+01  0.00000000E+00  5.46139337E-01  6.47687479E-02 -4.53107182E-02
  2.90000000E+00  1.19226081E+00 -4.89472212E+01  0.00000000E+00  5.52845434E-01  6.88533708E-02 -4.47908820E-02
  2.95000000E+00  1.22007074E+00 -4.89436764E+01  0.00000000E+00  5.59659540E-01  7.31517416E-02 -4.42412881E-02
  3.00000000E+00  1.24822407E+00 -4.89399114E+01  0.00000000E+00  5.66587200E-01  7.76777544E-02 -4.36681090E-02
  3.05000000E+00  1.27672662E+00 -4.89359143E+01  0.00000000E+00  5.73625065E-01  8.24319306E-02 -4.30640256E-02
  3.10000000E+00  1.30558382E+00 -4.89316739E+01  0.00000000E+00  5.80781532E-01  8.74435659E-02 -4.24498455E-02
  3.15000000E+00  1.33480180E+00 -4.89271764E+01  0.00000000E+00  5.88044683E-01  9.26921437E-02 -4.17989976E-02
  3.20000000E+00  1.36438562E+00 -4.89224106E+01  0.00000000E+00  5.95425764E-01  9.82142670E-02 -4.11385010E-02
  3.25000000E+00  1.39434143E+00 -4.89173618E+01  0.00000000E+00  6.02911515E-01  1.03984817E-01 -4.04442211E-02
  3.30000000E+00  1.42467415E+00 -4.89120183E+01  0.00000000E+00  6.10510412E-01  1.10037748E-01 -3.97373647E-02
  3.35000000E+00  1.45538965E+00 -4.89063651E+01  0.00000000E+00  6.18210583E-01  1.16353312E-01 -3.90005018E-02
  3.40000000E+00  1.48649268E+00 -4.89003896E+01  0.00000000E+00  6.26019985E-01  1.22960065E-01 -3.82511452E-02
  3.45000000E+00  1.51798891E+00 -4.88940764E+01  0.00000000E+00  6.33925669E-01  1.29839092E-01 -3.74747959E-02
  3.50000000E+00  1.54988284E+00 -4.88874125E+01  0.00000000E+00  6.41930927E-01  1.37009405E-01 -3.66839068E-02
  3.55000000E+00  1.58217952E+00 -4.88803827E+01  0.00000000E+00  6.50029467E-01  1.44464364E-01 -3.58719333E-02
  3.60000000E+00  1.61488345E+00 -4.88729731E+01  0.00000000E+00  6.58221378E-01  1.52216247E-01 -3.50475978E-02
  3.65000000E+00  1.64799932E+00 -4.88651685E+01  0.00000000E+00  6.66498784E-01  1.60254925E-01 -3.42050274E-02
  3.70000000E+00  1.68153119E+00 -4.88569548E+01  0.00000000E+00  6.74860194E-01  1.68588380E-01 -3.33510780E-02
  3.75000000E+00  1.71548324E+00 -4.88483171E+01  0.00000000E+00  6.83299264E-01  1.77210125E-01 -3.24838410E-02
  3.80000000E+00  1.74985918E+00 -4.88392410E+01  0.00000000E+00  6.91813471E-01  1.86124357E-01 -3.16088113E-02
  3.85000000E+00  1.78466271E+00 -4.88297119E+01  0.00000000E+00  7.00394501E-01  1.95321099E-01 -3.07231226E-02
  3.90000000E+00  1.81989696E+00 -4.88197160E+01  0.00000000E+00  7.09039539E-01  2.04802289E-01 -2.98322696E-02
  3.95000000E+00  1.85556506E+00 -4.88092388E+01  0.00000000E+00  7.17740442E-01  2.14557706E-01 -2.89351504E-02
  4.00000000E+00  1.89166961E+00 -4.87982670E+01  0.00000000E+00  7.26492006E-01  2.24582932E-01 -2.80347840E-02
  4.05000000E+00  1.92821300E+00 -4.87867873E+01  0.00000000E+00  7.35289462E-01  2.34875842E-01 -2.71353870E-02
  4.10000000E+00  1.96519741E+00 -4.87747862E+01  0.00000000E+00  7.44124254E-01  2.45420682E-01 -2.62350076E-02
  4.15000000E+00  2.00262449E+00 -4.87622515E+01  0.00000000E+00  7.52990329E-01  2.56211021E-01 -2.53370998E-02
  4.20000000E+00  2.04049566E+00 -4.87491712E+01  0.00000000E+00  7.61882201E-01  2.67240949E-01 -2.44453259E-02
  4.25000000E+00  2.07881206E+00 -4.87355334E+01  0.00000000E+00  7.70791005E-01  2.78493137E-01 -2.35584910E-02
  4.30000000E+00  2.11757433E+00 -4.87213274E+01  0.00000000E+00  7.79710323E-01  2.89958155E-01 -2.26796222E-02
  4.35000000E+00  2.15678283E+00 -4.87065429E+01  0.00000000E+00  7.88634077E-01  3.01627412E-01 -2.18119325E-02
  4.40000000E+00  2.19643763E+00 -4.86911698E+01  0.00000000E+00  7.97553659E-01  3.13481716E-01 -2.09546097E-02
  4.45000000E+00  2.23653830E+00 -4.86751994E+01  0.00000000E+00  8.06462427E-01  3.25509535E-01 -2.01102200E-02
  4.50000000E+00  2.27708414E+00 -4.86586232E+01  0.00000000E+00  8.15353304E-01  3.37696501E-01 -1.92801885E-02
  4.55000000E+00  2.31807408E+00 -4.86414337E+01  0.00000000E+00  8.24220666E-01  3.50033647E-01 -1.84680246E-02
  4.60000000E+00  2.35950680E+00 -4.86236236E+01  0.00000000E+00  8.33055425E-01  3.62496818E-01 -1.76714011E-02
  4.65000000E+00  2.40138044E+00 -4.86051872E+01  0.00000000E+00  8.41851562E-01  3.75074295E-01 -1.68929552E-02
  4.70000000E+00  2.44369292E+00 -4.85861190E+01  0.00000000E+00  8.50602481E-01  3.87750599E-01 -1.61336611E-02
  4.75000000E+00  2.48644182E+00 -4.85664146E+01  0.00000000E+00  8.59303324E-01  4.00516557E-01 -1.53962068E-02
  4.80000000E+00  2.52962450E+00 -4.85460696E+01  0.00000000E+00  8.67945342E-01  4.13346459E-01 -1.46784547E-02
  4.85000000E+00  2.57323782E+00 -4.85250815E+01  0.00000000E+00  8.76523522E-01  4.26229025E-01 -1.39822383E-02
  4.90000000E+00  2.61727845E+00 -4.85034480E+01  0.00000000E+00  8.85032171E-01  4.39149014E-01 -1.33080386E-02
  4.95000000E+00  2.66174278E+00 -4.84811675E+01  0.00000000E+00  8.93465822E-01  4.52091326E-01 -1.26562063E-02
  5.00000000E+00  2.70662691E+00 -4.84582394E+01  0.00000000E+00  9.01821258E-01  4.65050754E-01 -1.20295682E-02
  5.05000000E+00  2.75192686E+00 -4.84346629E+01  0.00000000E+00  9.10090424E-01  4.77997696E-01 -1.14240019E-02
  5.10000000E+00  2.79763811E+00 -4.84104393E+01  0.00000000E+00  9.18270013E-01  4.90924742E-01 -1.08413884E-02
  5.15000000E+00  2.84375610E+00 -4.83855699E+01  0.00000000E+00  9.26355830E-01  5.03818619E-01 -1.02816448E-02
  5.20000000E+00  2.89027604E+00 -4.83600567E+01  0.00000000E+00  9.34343947E-01  5.16666476E-01 -9.74459128E-03
  5.25000000E+00  2.93719294E+00 -4.83339021E+01  0.00000000E+00  9.42230754E-01  5.29455998E-01 -9.22995381E-03
  5.30000000E+00  2.98450164E+00 -4.83071096E+01  0.00000000E+00  9.50015736E-01  5.42188331E-01 -8.74084519E-03
  5.35000000E+00  3.03219705E+00 -4.82796819E+01  0.00000000E+00  9.57691542E-01  5.54831228E-01 -8.27112825E-03
  5.40000000E+00  3.08027353E+00 -4.82516242E+01  0.00000000E+00  9.65257280E-01  5.67383398E-01 -7.82282827E-03
  5.45000000E+00  3.12872553E+00 -4.82229413E+01  0.00000000E+00  9.72710699E-01  5.79835241E-01 -7.39542254E-03
  5.50000000E+00  3.17754741E+00 -4.81936382E+01  0.00000000E+00  9.80049792E-01  5.92177692E-01 -6.98834204E-03
  5.55000000E+00  3.22673337E+00 -4.81637208E+01  0.00000000E+00  9.87272844E-01  6.04402327E-01 -6.60097473E-03
  5.60000000E+00  3.27627759E+00 -4.81331950E+01  0.00000000E+00  9.94381119E-01  6.16513981E-01 -6.23569927E-03
  5.65000000E+00  3.32617435E+00 -4.81020665E+01  0.00000000E+00  1.00136909E+00  6.28484419E-01 -5.88680367E-03
  5.70000000E+00  3.37641751E+00 -4.80703431E+01  0.00000000E+00  1.00823769E+00  6.40316388E-01 -5.55582944E-03
  5.75000000E+00  3.42700111E+00 -4.80380314E+01  0.00000000E+00  1.01498634E+00  6.52004179E-01 -5.24208776E-03
  5.80000000E+00  3.47791914E+00 -4.80051390E+01  0.00000000E+00  1.02161468E+00  6.63542585E-01 -4.94488086E-03
