  0.00000000E+00  0.00000000E+00 -4.89000000E+01  0.00000000E+00  6.26402865E-01  1.23386165E-01 -3.81593223E-02
  2.00000000E-01  1.25280573E-01 -4.88753228E+01  0.00000000E+00  6.55535593E-01  1.49766348E-01 -3.52599106E-02
  4.00000000E-01  2.59300964E-01 -4.88427315E+01  0.00000000E+00  6.88440268E-01  1.82704338E-01 -3.18914046E-02
  6.00000000E-01  4.00279486E-01 -4.88028968E+01  0.00000000E+00  7.22684726E-01  2.20360296E-01 -2.83561040E-02
  8.00000000E-01  5.48240877E-01 -4.87550592E+01  0.00000000E+00  7.57747379E-01  2.62280461E-01 -2.47837432E-02
  1.00000000E+00  7.03296618E-01 -4.86984110E+01  0.00000000E+00  7.93199303E-01  3.07899773E-01 -2.12915084E-02
  1.20000000E+00  8.65481671E-01 -4.86322692E+01  0.00000000E+00  8.28587777E-01  3.56444959E-01 -1.79876713E-02
  1.40000000E+00  1.03473807E+00 -4.85561257E+01  0.00000000E+00  8.63471200E-01  4.07000839E-01 -1.49600999E-02
  1.60000000E+00  1.21092066E+00 -4.84696699E+01  0.00000000E+00  8.97424864E-01  4.58582920E-01 -1.22671624E-02
  1.80000000E+00  1.39380100E+00 -4.83727951E+01  0.00000000E+00  9.30085957E-01  5.10235287E-01 -9.93435572E-03
  2.00000000E+00  1.58308430E+00 -4.82655828E+01  0.00000000E+00  9.61192834E-01  5.61113146E-01 -7.96454198E-03
  2.20000000E+00  1.77843355E+00 -4.81482724E+01  0.00000000E+00  9.90515976E-01  6.10490800E-01 -6.32974549E-03
  2.40000000E+00  1.97946906E+00 -4.80212365E+01  0.00000000E+00  1.01797465E+00  6.57848209E-01 -5.00191598E-03
  2.60000000E+00  2.18580986E+00 -4.78849311E+01  0.00000000E+00  1.04350719E+00  7.02801249E-01 -3.93384273E-03
  2.80000000E+00  2.39706455E+00 -4.77398755E+01  0.00000000E+00  1.06711845E+00  7.45109833E-01 -3.08101994E-03
  3.00000000E+00  2.61284936E+00 -4.75866227E+01  0.00000000E+00  1.08887708E+00  7.84682822E-01 -2.40825598E-03
  3.20000000E+00  2.83280064E+00 -4.74257288E+01  0.00000000E+00  1.10886126E+00  8.21499173E-01 -1.87577358E-03
  3.40000000E+00  3.05657131E+00 -4.72577474E+01  0.00000000E+00  1.12719872E+00  8.55650242E-01 -1.45775464E-03
  3.60000000E+00  3.28384480E+00 -4.70832022E+01  0.00000000E+00  1.14396612E+00  8.87221475E-01 -1.12822745E-03
  3.80000000E+00  3.51431477E+00 -4.69026008E+01  0.00000000E+00  1.15933346E+00  9.16378052E-01 -8.66746790E-04
  4.00000000E+00  3.74771819E+00 -4.67164095E+01  0.00000000E+00  1.17339641E+00  9.43269072E-01 -6.60265517E-04
  4.20000000E+00  3.98380377E+00 -4.65250666E+01  0.00000000E+00  1.18625638E+00  9.68050086E-01 -4.93863802E-04
  4.40000000E+00  4.22234104E+00 -4.63289785E+01  0.00000000E+00  1.19804974E+00  9.90914178E-01 -3.62361612E-04
  4.60000000E+00  4.46313033E+00 -4.61285093E+01  0.00000000E+00  1.20886086E+00  1.01200901E+00 -2.55807146E-04
  4.80000000E+00  4.70598361E+00 -4.59239980E+01  0.00000000E+00  1.21877493E+00  1.03146793E+00 -1.67636540E-04
  5.00000000E+00  4.95073000E+00 -4.57157585E+01  0.00000000E+00  1.22789009E+00  1.04947114E+00 -9.61003468E-05
  5.20000000E+00  5.19721954E+00 -4.55040639E+01  0.00000000E+00  1.23627138E+00  1.06611310E+00 -3.58828506E-05
  5.40000000E+00  5.44531194E+00 -4.52891771E+01  0.00000000E+00  1.24400317E+00  1.08156030E+00  1.31034532E-05
  5.60000000E+00  5.69488576E+00 -4.50713203E+01  0.00000000E+00  1.25112672E+00  1.09586678E+00  5.58352140E-05
  5.80000000E+00  5.94582345E+00 -4.48507163E+01  0.00000000E+00  1.25771792E+00  1.10918522E+00  9.05000751E-05
