  0.00000000E+00  0.00000000E+00 -4.89000000E+01  0.00000000E+00  8.85868042E-01 -6.14578732E-07 -5.39655037E-02
  2.00000000E-01  1.77173608E-01 -4.89000001E+01  0.00000000E+00  8.85865333E-01 -6.41435238E-07 -5.39648491E-02
  4.00000000E-01  3.54346404E-01 -4.89000003E+01  0.00000000E+00  8.85863636E-01 -1.40242077E-07 -5.39643994E-02
  6.00000000E-01  5.31518962E-01 -4.89000002E+01  0.00000000E+00  8.85867220E-01  2.06633485E-07 -5.39659392E-02
  8.00000000E-01  7.08692764E-01 -4.89000002E+01  0.00000000E+00  8.85863741E-01 -3.03134591E-07 -5.39635036E-02
  1.00000000E+00  8.85865164E-01 -4.89000003E+01  0.00000000E+00  8.85865371E-01 -6.70836602E-07 -5.39647343E-02
  1.20000000E+00  1.06303840E+00 -4.89000004E+01  0.00000000E+00  8.85865852E-01  4.50451857E-07 -5.39647096E-02
  1.40000000E+00  1.24021162E+00 -4.89000002E+01  0.00000000E+00  8.85868389E-01 -6.02933036E-07 -5.39657231E-02
  1.60000000E+00  1.41738555E+00 -4.89000005E+01  0.00000000E+00  8.85861570E-01  1.07335800E-06 -5.39637770E-02
  1.80000000E+00  1.59455718E+00 -4.89000001E+01  0.00000000E+00  8.85862252E-01  2.62342094E-07 -5.39637149E-02
  2.00000000E+00  1.77172970E+00 -4.89000001E+01  0.00000000E+00  8.85863017E-01  1.51290920E-08 -5.39640065E-02
  2.20000000E+00  1.94890238E+00 -4.89000001E+01  0.00000000E+00  8.85866235E-01  1.99064887E-08 -5.39647920E-02
  2.40000000E+00  2.12607595E+00 -4.89000001E+01  0.00000000E+00  8.85865380E-01  1.25482634E-06 -5.39644245E-02
  2.60000000E+00  2.30324894E+00 -4.88999998E+01  0.00000000E+00  8.85863672E-01  3.69841992E-07 -5.39641459E-02
  2.80000000E+00  2.48042150E+00 -4.88999998E+01  0.00000000E+00  8.85865536E-01  5.20986403E-07 -5.39641414E-02
  3.00000000E+00  2.65759480E+00 -4.88999996E+01  0.00000000E+00  8.85863749E-01  5.22399897E-07 -5.39638028E-02
  3.20000000E+00  2.83476737E+00 -4.88999995E+01  0.00000000E+00  8.85868181E-01  2.86455622E-07 -5.39652340E-02
  3.40000000E+00  3.01194145E+00 -4.88999995E+01  0.00000000E+00  8.85860446E-01 -2.47272543E-07 -5.39622358E-02
  3.60000000E+00  3.18911276E+00 -4.88999996E+01  0.00000000E+00  8.85864059E-01  2.79916990E-07 -5.39630923E-02
  3.80000000E+00  3.36628594E+00 -4.88999995E+01  0.00000000E+00  8.85864983E-01 -2.51403308E-07 -5.39635362E-02
  4.00000000E+00  3.54345903E+00 -4.88999996E+01  0.00000000E+00  8.85862321E-01 -1.95163589E-07 -5.39630448E-02
  4.20000000E+00  3.72063122E+00 -4.88999996E+01  0.00000000E+00  8.85865909E-01  1.92680357E-07 -5.39639698E-02
  4.40000000E+00  3.89780477E+00 -4.88999996E+01  0.00000000E+00  8.85867182E-01 -1.88356863E-07 -5.39646516E-02
  4.60000000E+00  4.07497833E+00 -4.88999996E+01  0.00000000E+00  8.85861613E-01  1.44745768E-06 -5.39627468E-02
  4.80000000E+00  4.25215009E+00 -4.88999992E+01  0.00000000E+00  8.85862517E-01  8.40372184E-07 -5.39624899E-02
  5.00000000E+00  4.42932269E+00 -4.88999991E+01  0.00000000E+00  8.85866101E-01 -2.58151428E-07 -5.39639138E-02
  5.20000000E+00  4.60649627E+00 -4.88999992E+01  0.00000000E+00  8.85861812E-01  4.20146800E-08 -5.39624234E-02
  5.40000000E+00  4.78366820E+00 -4.88999992E+01  0.00000000E+00  8.85858990E-01  2.53787297E-07 -5.39613290E-02
  5.60000000E+00  4.96083972E+00 -4.88999991E+01  0.00000000E+00  8.85859694E-01  5.59563221E-07 -5.39611374E-02
  5.80000000E+00  5.13900975E+00 -4.88999986E+01  0.00000000E+00  8.86037894E-01 -6.24406334E-08 -5.40313483E-02
