  0.00000000E+00  0.00000000E+00 -4.89990000E+01  0.00000000E+00  4.39982297E-01 -2.42275125E-06 -6.89724412E-02
  2.00000000E-01  8.79964595E-02 -4.89990005E+01  0.00000000E+00  4.39931170E-01 -8.76454160E-06 -6.89411335E-02
  4.00000000E-01  1.75977581E-01 -4.89990029E+01  0.00000000E+00  4.39882499E-01 -2.34501190E-06 -6.90083461E-02
  6.00000000E-01  2.63949214E-01 -4.89990027E+01  0.00000000E+00  4.39890296E-01 -2.46450038E-06 -6.90098328E-02
  8.00000000E-01  3.51928052E-01 -4.89990032E+01  0.00000000E+00  4.39860531E-01 -2.61813101E-06 -6.90023974E-02
  1.00000000E+00  4.39897182E-01 -4.89990037E+01  0.00000000E+00  4.39805783E-01 -1.18256862E-06 -6.89689996E-02
  1.20000000E+00  5.27852864E-01 -4.89990038E+01  0.00000000E+00  4.39812513E-01  3.71590656E-06 -6.89795183E-02
  1.40000000E+00  6.15816039E-01 -4.89990026E+01  0.00000000E+00  4.39887619E-01  6.55436614E-06 -6.90012162E-02
  1.60000000E+00  7.03801074E-01 -4.89990010E+01  0.00000000E+00  4.39988609E-01  7.16621496E-06 -6.90324876E-02
  1.80000000E+00  7.91808895E-01 -4.89989995E+01  0.00000000E+00  4.40010438E-01  4.62827690E-06 -6.89801696E-02
  2.00000000E+00  8.79813165E-01 -4.89989988E+01  0.00000000E+00  4.40053308E-01  3.03092620E-06 -6.89942716E-02
  2.20000000E+00  9.67828114E-01 -4.89989984E+01  0.00000000E+00  4.40071418E-01  3.74679590E-06 -6.89910850E-02
  2.40000000E+00  1.05584421E+00 -4.89989976E+01  0.00000000E+00  4.40129813E-01  4.36039480E-06 -6.90091775E-02
  2.60000000E+00  1.14387601E+00 -4.89989966E+01  0.00000000E+00  4.40164824E-01  1.14813263E-05 -6.89994723E-02
  2.80000000E+00  1.23191248E+00 -4.89989936E+01  0.00000000E+00  4.40256211E-01  5.65555525E-06 -6.89453295E-02
  3.00000000E+00  1.31997286E+00 -4.89989931E+01  0.00000000E+00  4.40280730E-01  6.65151747E-06 -6.89479389E-02
  3.20000000E+00  1.40803146E+00 -4.89989917E+01  0.00000000E+00  4.40446272E-01 -2.58698399E-06 -6.90554154E-02
  3.40000000E+00  1.49613726E+00 -4.89989931E+01  0.00000000E+00  4.40337282E-01  3.18784060E-06 -6.90129574E-02
  3.60000000E+00  1.58419382E+00 -4.89989919E+01  0.00000000E+00  4.40410903E-01  8.20723230E-07 -6.90287063E-02
  3.80000000E+00  1.67228336E+00 -4.89989920E+01  0.00000000E+00  4.40362871E-01  2.90399545E-06 -6.89822201E-02
  4.00000000E+00  1.76035113E+00 -4.89989912E+01  0.00000000E+00  4.40425071E-01  3.53447454E-06 -6.90071127E-02
  4.20000000E+00  1.84844237E+00 -4.89989904E+01  0.00000000E+00  4.40435403E-01  4.13524501E-06 -6.89803088E-02
  4.40000000E+00  1.93653048E+00 -4.89989895E+01  0.00000000E+00  4.40516161E-01  4.42485121E-06 -6.90244475E-02
  4.60000000E+00  2.02464179E+00 -4.89989886E+01  0.00000000E+00  4.40553360E-01  5.66967059E-06 -6.90176437E-02
  4.80000000E+00  2.11275618E+00 -4.89989873E+01  0.00000000E+00  4.40616200E-01  6.47784741E-06 -6.90234580E-02
  5.00000000E+00  2.20088571E+00 -4.89989860E+01  0.00000000E+00  4.40706400E-01  6.07019447E-06 -6.90535861E-02
  5.20000000E+00  2.28903601E+00 -4.89989848E+01  0.00000000E+00  4.40770867E-01  5.71200497E-06 -6.90623863E-02
  5.40000000E+00  2.37719663E+00 -4.89989837E+01  0.00000000E+00  4.40788349E-01  4.55959674E-06 -6.90286302E-02
  5.60000000E+00  2.46535605E+00 -4.89989829E+01  0.00000000E+00  4.40840475E-01  4.15363281E-06 -6.90432497E-02
  5.80000000E+00  2.55352935E+00 -4.89989821E+01  0.00000000E+00  4.40888524E-01  2.90371389E-06 -6.90542548E-02
