  0.00000000E+00  0.00000000E+00 -4.89900000E+01  0.00000000E+00  5.91534722E-01  1.41838244E-05 -7.23297838E-02
  2.00000000E-01  1.18306944E-01 -4.89899972E+01  0.00000000E+00  5.91559818E-01  9.64221257E-06 -7.23328450E-02
  4.00000000E-01  2.36621418E-01 -4.89899957E+01  0.00000000E+00  5.91580888E-01  1.12265191E-06 -7.23423605E-02
  6.00000000E-01  3.54939702E-01 -4.89899963E+01  0.00000000E+00  5.91573946E-01  1.81547866E-05 -7.23401698E-02
  8.00000000E-01  4.73253797E-01 -4.89899910E+01  0.00000000E+00  5.91653760E-01  5.85831986E-07 -7.23766503E-02
  1.00000000E+00  5.91592531E-01 -4.89899926E+01  0.00000000E+00  5.91597402E-01  1.82972723E-05 -7.23305623E-02
  1.20000000E+00  7.09906375E-01 -4.89899872E+01  0.00000000E+00  5.91647710E-01 -7.72215613E-06 -7.23335919E-02
  1.40000000E+00  8.28240948E-01 -4.89899913E+01  0.00000000E+00  5.91652902E-01  1.12649432E-05 -7.23788620E-02
  1.60000000E+00  9.46572048E-01 -4.89899872E+01  0.00000000E+00  5.91664757E-01 -1.50542255E-05 -7.23535474E-02
  1.80000000E+00  1.06490618E+00 -4.89899928E+01  0.00000000E+00  5.91595037E-01  6.09789773E-07 -7.23308843E-02
  2.00000000E+00  1.18321822E+00 -4.89899911E+01  0.00000000E+00  5.91649516E-01  6.42265463E-06 -7.23724382E-02
  2.20000000E+00  1.30155357E+00 -4.89899893E+01  0.00000000E+00  5.91655494E-01  1.07573172E-05 -7.23578483E-02
  2.40000000E+00  1.41988527E+00 -4.89899867E+01  0.00000000E+00  5.91642112E-01  3.75870091E-06 -7.23202792E-02
  2.60000000E+00  1.53821235E+00 -4.89899866E+01  0.00000000E+00  5.91635568E-01  1.55648056E-05 -7.23136715E-02
  2.80000000E+00  1.65653881E+00 -4.89899823E+01  0.00000000E+00  5.91703159E-01  4.89706816E-06 -7.23452375E-02
  3.00000000E+00  1.77488620E+00 -4.89899824E+01  0.00000000E+00  5.91692525E-01 -6.95419367E-06 -7.23345192E-02
  3.20000000E+00  1.89322364E+00 -4.89899850E+01  0.00000000E+00  5.91680291E-01 -1.51159373E-05 -7.23468309E-02
  3.40000000E+00  2.01155848E+00 -4.89899888E+01  0.00000000E+00  5.91635027E-01  8.15888131E-06 -7.23343227E-02
  3.60000000E+00  2.12988096E+00 -4.89899849E+01  0.00000000E+00  5.91671370E-01 -4.10549434E-06 -7.23343442E-02
  3.80000000E+00  2.24821887E+00 -4.89899869E+01  0.00000000E+00  5.91664922E-01  2.01310107E-06 -7.23485982E-02
  4.00000000E+00  2.36655121E+00 -4.89899859E+01  0.00000000E+00  5.91679164E-01  3.27822818E-06 -7.23525965E-02
  4.20000000E+00  2.48488846E+00 -4.89899851E+01  0.00000000E+00  5.91670258E-01 -3.49423630E-06 -7.23326042E-02
  4.40000000E+00  2.60322162E+00 -4.89899865E+01  0.00000000E+00  5.91642472E-01  6.21641177E-06 -7.23208317E-02
  4.60000000E+00  2.72154734E+00 -4.89899843E+01  0.00000000E+00  5.91669965E-01  1.03685907E-05 -7.23257133E-02
  4.80000000E+00  2.83988408E+00 -4.89899818E+01  0.00000000E+00  5.91722512E-01  6.97720980E-06 -7.23619816E-02
  5.00000000E+00  2.95823384E+00 -4.89899808E+01  0.00000000E+00  5.91709143E-01  7.48935671E-06 -7.23352768E-02
  5.20000000E+00  3.07657433E+00 -4.89899792E+01  0.00000000E+00  5.91721118E-01 -2.33131083E-06 -7.23355204E-02
  5.40000000E+00  3.19491975E+00 -4.89899807E+01  0.00000000E+00  5.91750510E-01 -9.52378998E-06 -7.23817689E-02
  5.60000000E+00  3.31327279E+00 -4.89899833E+01  0.00000000E+00  5.91746173E-01 -4.34937647E-06 -7.24063753E-02
  5.80000000E+00  3.43162159E+00 -4.89899836E+01  0.00000000E+00  5.91690009E-01  1.51239830E-05 -7.23436014E-02
