  0.00000000E+00  0.00000000E+00 -4.89900000E+01  0.00000000E+00  1.41838244E-05  1.93981658E-02 -1.53194458E-05
  5.00000000E-02  7.09191220E-07 -4.89890301E+01  0.00000000E+00  1.47703883E-05  2.12315911E-02 -1.59812382E-05
  1.00000000E-01  1.46237473E-06 -4.89879227E+01  0.00000000E+00  1.53457520E-05  2.33165095E-02 -1.66415688E-05
  1.50000000E-01  2.24404642E-06 -4.89867047E+01  0.00000000E+00  1.58791098E-05  2.55996069E-02 -1.72684107E-05
  2.00000000E-01  3.05133586E-06 -4.89853677E+01  0.00000000E+00  1.63625381E-05  2.80945510E-02 -1.78555169E-05
  2.50000000E-01  3.88154847E-06 -4.89839006E+01  0.00000000E+00  1.67884065E-05  3.08189994E-02 -1.83971486E-05
  3.00000000E-01  4.73161550E-06 -4.89822915E+01  0.00000000E+00  4.96528382E-06  3.39888234E-02 -6.88630206E-06
  3.50000000E-01  4.68430162E-06 -4.89805128E+01  0.00000000E+00  4.83748208E-06  3.72869361E-02 -6.85507038E-06
  4.00000000E-01  4.92298068E-06 -4.89785660E+01  0.00000000E+00  4.64737283E-06  4.08766674E-02 -6.77408900E-06
  4.50000000E-01  5.15059660E-06 -4.89764324E+01  0.00000000E+00  4.39895029E-06  4.47875006E-02 -6.65433783E-06
  5.00000000E-01  5.36433355E-06 -4.89740953E+01  0.00000000E+00  4.09915976E-06  4.90444372E-02 -6.51029966E-06
  5.50000000E-01  5.56179677E-06 -4.89715367E+01  0.00000000E+00  3.75779925E-06  5.36734327E-02 -6.36038243E-06
  6.00000000E-01  5.74115272E-06 -4.89687373E+01  0.00000000E+00 -2.21282992E-06  5.90629409E-02  6.06924652E-07
  6.50000000E-01  5.48124550E-06 -4.89656494E+01  0.00000000E+00 -3.61057651E-06  6.46133279E-02  1.76121121E-06
  7.00000000E-01  5.26577301E-06 -4.89622799E+01  0.00000000E+00 -5.24086035E-06  7.06189374E-02  3.10844279E-06
  7.50000000E-01  4.96297289E-06 -4.89585989E+01  0.00000000E+00 -7.09130733E-06  7.71209443E-02  4.62560752E-06
  8.00000000E-01  4.56214635E-06 -4.89545803E+01  0.00000000E+00 -9.14008491E-06  8.41504654E-02  6.27952062E-06
  8.50000000E-01  4.05392267E-06 -4.89501970E+01  0.00000000E+00 -1.13580903E-05  9.17383363E-02  8.02876027E-06
  9.00000000E-01  3.43056801E-06 -4.89454204E+01  0.00000000E+00 -6.39016948E-08  1.00469498E-01  3.85570392E-07
  9.50000000E-01  3.70972765E-06 -4.89401786E+01  0.00000000E+00  6.67101574E-08  1.09391844E-01  3.08321550E-07
  1.00000000E+00  3.71632845E-06 -4.89344860E+01  0.00000000E+00  2.00181830E-07  1.18957335E-01  2.42743332E-07
  1.05000000E+00  3.72967433E-06 -4.89282990E+01  0.00000000E+00  3.42708822E-07  1.29211341E-01  1.86939121E-07
  1.10000000E+00  3.75037295E-06 -4.89215821E+01  0.00000000E+00  5.03975515E-07  1.40181521E-01  1.37266877E-07
  1.15000000E+00  3.77960339E-06 -4.89142987E+01  0.00000000E+00  2.24581024E-07  1.51981926E-01 -3.33472907E-07
  1.20000000E+00  3.78384758E-06 -4.89064046E+01  0.00000000E+00  1.76633426E-07  1.64486119E-01 -3.04045383E-07
  1.25000000E+00  3.79148056E-06 -4.88978677E+01  0.00000000E+00  1.33561422E-07  1.77774663E-01 -2.66159142E-07
  1.30000000E+00  3.79708183E-06 -4.88886468E+01  0.00000000E+00  1.08559663E-07  1.91865299E-01 -2.25744616E-07
  1.35000000E+00  3.80188477E-06 -4.88787012E+01  0.00000000E+00 -1.09267029E-08  2.06810495E-01 -7.61740734E-08
  1.40000000E+00  3.79835128E-06 -4.88679871E+01  0.00000000E+00 -1.32357097E-08  2.22547917E-01 -1.07451949E-07
  1.45000000E+00  3.79763177E-06 -4.88564662E+01  0.00000000E+00 -9.37360646E-09  2.39108810E-01 -1.48145837E-07
  1.50000000E+00  3.79725964E-06 -4.88440968E+01  0.00000000E+00  7.71822686E-09  2.56490674E-01 -2.03417102E-07
  1.55000000E+00  3.79807285E-06 -4.88308377E+01  0.00000000E+00  1.87430232E-07  2.74702963E-01 -1.91037900E-07
  1.60000000E+00  3.81193716E-06 -4.88166473E+01  0.00000000E+00  1.83692726E-07  2.93699526E-01 -1.84073060E-07
  1.65000000E+00  3.82102836E-06 -4.88014874E+01  0.00000000E+00  1.82620192E-07  3.13472696E-01 -1.83803411E-07
  1.70000000E+00  3.83013255E-06 -4.87853194E+01  0.00000000E+00  1.83640602E-07  3.33996231E-01 -1.90724519E-07
  1.75000000E+00  3.83934009E-06 -4.87681065E+01  0.00000000E+00  1.86109867E-07  3.55237753E-01 -2.05496023E-07
  1.80000000E+00  3.84870732E-06 -4.87498136E+01  0.00000000E+00 -2.51013872E-07  3.77177650E-01  1.28245312E-07
  1.85000000E+00  3.82522853E-06 -4.87304062E+01  0.00000000E+00 -2.61772957E-07  3.99742337E-01  1.31527124E-07
  1.90000000E+00  3.81187091E-06 -4.87098550E+01  0.00000000E+00 -2.72704338E-07  4.22897432E-01  1.37097271E-07
  1.95000000E+00  3.79796240E-06 -4.86881312E+01  0.00000000E+00 -2.83173221E-07  4.46591760E-01  1.46007053E-07
  2.00000000E+00  3.78354202E-06 -4.86652093E+01  0.00000000E+00 -2.92278059E-07  4.70770301E-01  1.59833601E-07
  2.05000000E+00  3.76870050E-06 -4.86410663E+01  0.00000000E+00 -1.75243277E-07  4.95390348E-01  6.11143441E-08
  2.10000000E+00  3.76286420E-06 -4.86156813E+01  0.00000000E+00 -1.77958410E-07  5.20366241E-01  4.64676450E-08
  2.15000000E+00  3.75389840E-06 -4.85890386E+01  0.00000000E+00 -1.76573245E-07  5.45647755E-01  2.98961366E-08
  2.20000000E+00  3.74510437E-06 -4.85611241E+01  0.00000000E+00 -1.69012600E-07  5.71173206E-01  1.18833407E-08
  2.25000000E+00  3.73684276E-06 -4.85319273E+01  0.00000000E+00 -1.52910952E-07  5.96880669E-01 -6.57396085E-09
  2.30000000E+00  3.72959975E-06 -4.85014406E+01  0.00000000E+00 -1.25792061E-07  6.22708877E-01 -2.38147720E-08
  2.35000000E+00  3.72398812E-06 -4.84696595E+01  0.00000000E+00  1.75442666E-07  6.48621417E-01 -2.36848219E-08
  2.40000000E+00  3.74029112E-06 -4.84365806E+01  0.00000000E+00  1.89552343E-07  6.74519829E-01 -2.32138752E-08
  2.45000000E+00  3.75012148E-06 -4.84022071E+01  0.00000000E+00  2.06861035E-07  7.00365961E-01 -2.64650542E-08
  2.50000000E+00  3.76089725E-06 -4.83665427E+01  0.00000000E+00  2.26987996E-07  7.26107226E-01 -3.46463914E-08
  2.55000000E+00  3.77274982E-06 -4.83295938E+01  0.00000000E+00  2.48905147E-07  7.51693785E-01 -4.92076615E-08
  2.60000000E+00  3.78574301E-06 -4.82913694E+01  0.00000000E+00  2.70774185E-07  7.77079134E-01 -7.19736210E-08
  2.65000000E+00  3.79982845E-06 -4.82518808E+01  0.00000000E+00  2.89837071E-07  8.02220296E-01 -1.05330315E-07
  2.70000000E+00  3.81479687E-06 -4.82111413E+01  0.00000000E+00 -7.20679193E-08  8.27109938E-01  4.43822009E-08
  2.75000000E+00  3.80214585E-06 -4.81691636E+01  0.00000000E+00 -7.35056394E-08  8.51657304E-01  5.29488603E-08
  2.80000000E+00  3.79843463E-06 -4.81259670E+01  0.00000000E+00 -7.50946785E-08  8.75854931E-01  6.63280834E-08
  2.85000000E+00  3.79464017E-06 -4.80815693E+01  0.00000000E+00 -7.64937725E-08  8.99675147E-01  8.55276807E-08
  2.90000000E+00  3.79078050E-06 -4.80359901E+01  0.00000000E+00 -7.70443596E-08  9.23093510E-01  1.11445858E-07
  2.95000000E+00  3.78691452E-06 -4.79892499E+01  0.00000000E+00 -7.57073321E-08  9.46089022E-01  1.44799846E-07
  3.00000000E+00  3.78316258E-06 -4.79413706E+01  0.00000000E+00 -7.10160470E-08  9.68643982E-01  1.86065446E-07
  3.05000000E+00  3.77972906E-06 -4.78923745E+01  0.00000000E+00 -6.10537016E-08  9.90743802E-01  2.35437961E-07
  3.10000000E+00  3.77692543E-06 -4.78422848E+01  0.00000000E+00  1.03756700E-07  1.01241496E+00 -1.07464045E-07
  3.15000000E+00  3.78623352E-06 -4.77911223E+01  0.00000000E+00  8.75384932E-08  1.03358091E+00 -9.44962238E-08
  3.20000000E+00  3.79020499E-06 -4.77389141E+01  0.00000000E+00  7.15446748E-08  1.05426569E+00 -8.15584668E-08
  3.25000000E+00  3.79338238E-06 -4.76856837E+01  0.00000000E+00  5.58777832E-08  1.07446561E+00 -6.88256767E-08
  3.30000000E+00  3.79578460E-06 -4.76314554E+01  0.00000000E+00  4.06235757E-08  1.09417875E+00 -5.64007841E-08
  3.35000000E+00  3.79743442E-06 -4.75762537E+01  0.00000000E+00  2.58525956E-08  1.11340508E+00 -4.43028892E-08
  3.40000000E+00  3.79835778E-06 -4.75201027E+01  0.00000000E+00  1.16196788E-08  1.13214624E+00 -3.24582173E-08
  3.45000000E+00  3.79858294E-06 -4.74630269E+01  0.00000000E+00 -2.04207883E-09  1.15040538E+00 -2.06945705E-08
  3.50000000E+00  3.79813929E-06 -4.74050502E+01  0.00000000E+00 -1.51332779E-08  1.16818696E+00 -8.73964005E-09
  3.55000000E+00  3.79705535E-06 -4.73461963E+01  0.00000000E+00 -2.77074225E-08  1.18549659E+00  3.77668090E-09
  3.60000000E+00  3.79535562E-06 -4.72864887E+01  0.00000000E+00 -2.11914933E-07  1.20238342E+00 -6.69700813E-08
  3.65000000E+00  3.78015469E-06 -4.72259474E+01  0.00000000E+00 -2.15801660E-07  1.21877686E+00 -8.07881561E-08
  3.70000000E+00  3.76926744E-06 -4.71645987E+01  0.00000000E+00 -2.21928638E-07  1.23472109E+00 -9.45004818E-08
  3.75000000E+00  3.75801783E-06 -4.71024640E+01  0.00000000E+00 -2.30609310E-07  1.25022515E+00 -1.08021178E-07
  3.80000000E+00  3.74627035E-06 -4.70395652E+01  0.00000000E+00 -2.42081256E-07  1.26529834E+00 -1.21297951E-07
  3.85000000E+00  3.73387949E-06 -4.69759234E+01  0.00000000E+00 -2.56481880E-07  1.27995032E+00 -1.34316046E-07
  3.90000000E+00  3.72069538E-06 -4.69115596E+01  0.00000000E+00 -2.73824341E-07  1.29419107E+00 -1.47099260E-07
  3.95000000E+00  3.70657060E-06 -4.68464940E+01  0.00000000E+00 -2.93974917E-07  1.30803075E+00 -1.59710513E-07
  4.00000000E+00  3.69136809E-06 -4.67807465E+01  0.00000000E+00 -3.16633392E-07  1.32147968E+00 -1.72249043E-07
  4.05000000E+00  3.67496996E-06 -4.67143363E+01  0.00000000E+00 -3.41316574E-07  1.33454827E+00 -1.84846838E-07
  4.10000000E+00  3.65728705E-06 -4.66472822E+01  0.00000000E+00 -3.67347162E-07  1.34724694E+00 -1.97662579E-07
  4.15000000E+00  3.63826893E-06 -4.65796023E+01  0.00000000E+00 -1.35533276E-07  1.35961806E+00 -3.56387098E-09
  4.20000000E+00  3.63728761E-06 -4.65113122E+01  0.00000000E+00 -1.25817482E-07  1.37161195E+00 -3.16612319E-09
  4.25000000E+00  3.63123963E-06 -4.64424317E+01  0.00000000E+00 -1.16859976E-07  1.38326707E+00 -2.03531785E-09
  4.30000000E+00  3.62562057E-06 -4.63729770E+01  0.00000000E+00 -1.08507563E-07  1.39459366E+00 -8.85067856E-11
  4.35000000E+00  3.62040400E-06 -4.63029641E+01  0.00000000E+00 -1.00562725E-07  1.40560171E+00  2.75379948E-09
  4.40000000E+00  3.61557449E-06 -4.62324089E+01  0.00000000E+00 -9.27864308E-08  1.41630099E+00  6.56984257E-09
  4.45000000E+00  3.61112957E-06 -4.61613263E+01  0.00000000E+00 -8.49039184E-08  1.42670111E+00  1.14390008E-08
  4.50000000E+00  3.60708144E-06 -4.60897313E+01  0.00000000E+00 -7.66123879E-08  1.43681145E+00  1.74446444E-08
  4.55000000E+00  3.60345811E-06 -4.60176379E+01  0.00000000E+00 -6.75916784E-08  1.44664119E+00  2.46767517E-08
  4.60000000E+00  3.60030404E-06 -4.59450601E+01  0.00000000E+00 -5.75164408E-08  1.45619926E+00  3.32343312E-08
  4.65000000E+00  3.59768010E-06 -4.58720112E+01  0.00000000E+00 -4.60703091E-08  1.46549438E+00  4.32279681E-08
  4.70000000E+00  3.59566274E-06 -4.57985041E+01  0.00000000E+00 -3.29611274E-08  1.47453502E+00  5.47817416E-08
  4.75000000E+00  3.59434241E-06 -4.57245514E+01  0.00000000E+00 -1.79369166E-08  1.48332940E+00  6.80349894E-08
  4.80000000E+00  3.59382117E-06 -4.56501650E+01  0.00000000E+00 -8.02307155E-10  1.49188551E+00  8.31435586E-08
  4.85000000E+00  3.59420942E-06 -4.55753568E+01  0.00000000E+00 -2.92845667E-08  1.50024493E+00 -2.09818708E-08
  4.90000000E+00  3.59203314E-06 -4.55001356E+01  0.00000000E+00 -2.82398036E-08  1.50835058E+00 -2.27531329E-08
  4.95000000E+00  3.59064726E-06 -4.54245154E+01  0.00000000E+00 -2.64375108E-08  1.51624057E+00 -2.45403081E-08
  5.00000000E+00  3.58937045E-06 -4.53485062E+01  0.00000000E+00 -2.38839744E-08  1.52392202E+00 -2.63412388E-08
  5.05000000E+00  3.58824009E-06 -4.52721180E+01  0.00000000E+00 -2.05987659E-08  1.53140174E+00 -2.81508883E-08
  5.10000000E+00  3.58729228E-06 -4.51953609E+01  0.00000000E+00 -1.66163725E-08  1.53868630E+00 -2.99619243E-08
  5.15000000E+00  3.58656102E-06 -4.51182445E+01  0.00000000E+00 -1.19880319E-08  1.54578206E+00 -3.17626732E-08
  5.20000000E+00  3.58607733E-06 -4.50407780E+01  0.00000000E+00 -6.78330186E-09  1.55269516E+00 -3.35385893E-08
  5.25000000E+00  3.58586828E-06 -4.49629704E+01  0.00000000E+00 -1.09161334E-09  1.55943154E+00 -3.52704533E-08
  5.30000000E+00  3.58595599E-06 -4.48848304E+01  0.00000000E+00  4.97592288E-09  1.56599690E+00 -3.69352799E-08
  5.35000000E+00  3.58635647E-06 -4.48063665E+01  0.00000000E+00  1.12848375E-08  1.57239678E+00 -3.85054408E-08
  5.40000000E+00  3.58707844E-06 -4.47275866E+01  0.00000000E+00  1.76759728E-08  1.57863650E+00 -3.99490718E-08
  5.45000000E+00  3.58812202E-06 -4.46484988E+01  0.00000000E+00  2.39636261E-08  1.58472120E+00 -4.12300846E-08
  5.50000000E+00  3.58947739E-06 -4.45691106E+01  0.00000000E+00  2.99347760E-08  1.59065584E+00 -4.23078635E-08
  5.55000000E+00  3.59112341E-06 -4.44894295E+01  0.00000000E+00  3.53473659E-08  1.59644519E+00 -4.31382530E-08
  5.60000000E+00  3.59302609E-06 -4.44094625E+01  0.00000000E+00  3.99297978E-08  1.60209386E+00 -4.36731258E-08
  5.65000000E+00  3.59513714E-06 -4.43292166E+01  0.00000000E+00  4.33801330E-08  1.60760630E+00 -4.38613546E-08
  5.70000000E+00  3.59739241E-06 -4.42486985E+01  0.00000000E+00  4.53657088E-08  1.61298680E+00 -4.36489110E-08
  5.75000000E+00  3.59971033E-06 -4.41679146E+01  0.00000000E+00 -5.58740761E-08  1.61827098E+00 -1.87440958E-08
  5.80000000E+00  3.59438563E-06 -4.40868689E+01  0.00000000E+00 -5.61302293E-08  1.62340198E+00 -1.78358397E-08
