  0.00000000E+00  0.00000000E+00 -4.89990000E+01  0.00000000E+00 -2.42275117E-06  1.98311680E-03  2.44769620E-06
  5.00000000E-02 -1.21137559E-07 -4.89989008E+01  0.00000000E+00 -2.46613534E-06  2.17779998E-03  2.48026708E-06
  1.00000000E-01 -2.45528930E-07 -4.89987871E+01  0.00000000E+00 -2.51101604E-06  2.40076269E-03  2.51171996E-06
  1.50000000E-01 -3.72201750E-07 -4.89986615E+01  0.00000000E+00 -2.55547032E-06  2.64650480E-03  2.54015407E-06
  2.00000000E-01 -5.01086623E-07 -4.89985230E+01  0.00000000E+00 -2.59958650E-06  2.91687508E-03  2.56527286E-06
  2.50000000E-01 -6.32168852E-07 -4.89983704E+01  0.00000000E+00 -2.64383873E-06  3.21424390E-03  2.58711186E-06
  3.00000000E-01 -7.65467095E-07 -4.89982023E+01  0.00000000E+00  4.84311682E-06  3.55678375E-03 -5.46398768E-06
  3.50000000E-01 -3.36137365E-07 -4.89980159E+01  0.00000000E+00  5.24629818E-06  3.92112515E-03 -5.91768636E-06
  4.00000000E-01 -6.37429220E-08 -4.89978107E+01  0.00000000E+00  5.68320302E-06  4.32127228E-03 -6.40790219E-06
  4.50000000E-01  2.31339850E-07 -4.89975846E+01  0.00000000E+00  6.15277708E-06  4.76118940E-03 -6.93288945E-06
  5.00000000E-01  5.50718055E-07 -4.89973356E+01  0.00000000E+00  6.65250983E-06  5.24469778E-03 -7.48938407E-06
  5.50000000E-01  8.95836866E-07 -4.89970612E+01  0.00000000E+00  7.17899387E-06  5.77593986E-03 -8.07305926E-06
  6.00000000E-01  1.26794866E-06 -4.89967592E+01  0.00000000E+00 -1.63636652E-06  6.38027591E-03  2.24966570E-06
  6.50000000E-01  9.65746324E-07 -4.89964250E+01  0.00000000E+00 -1.77518737E-06  7.02781018E-03  2.47144514E-06
  7.00000000E-01  8.73516435E-07 -4.89960575E+01  0.00000000E+00 -1.91719978E-06  7.73830177E-03  2.70748368E-06
  7.50000000E-01  7.74106135E-07 -4.89956528E+01  0.00000000E+00 -2.06243125E-06  8.51833157E-03  2.95865274E-06
  8.00000000E-01  6.67353786E-07 -4.89952074E+01  0.00000000E+00 -2.21158037E-06  9.37439196E-03  3.22679011E-06
  8.50000000E-01  5.53046039E-07 -4.89947172E+01  0.00000000E+00 -2.36610222E-06  1.03135005E-02  3.51456985E-06
  9.00000000E-01  4.30877882E-07 -4.89941781E+01  0.00000000E+00 -3.04026055E-06  1.13823023E-02  4.15283381E-06
  9.50000000E-01  2.62010896E-07 -4.89935823E+01  0.00000000E+00 -3.08509962E-06  1.25235920E-02  4.29745120E-06
  1.00000000E+00  1.06634938E-07 -4.89929275E+01  0.00000000E+00 -3.08212645E-06  1.37734984E-02  4.39708180E-06
  1.05000000E+00 -4.73970550E-08 -4.89922076E+01  0.00000000E+00 -3.02042584E-06  1.51431168E-02  4.44008444E-06
  1.10000000E+00 -1.96875831E-07 -4.89914162E+01  0.00000000E+00 -1.96525228E-05  1.66864722E-02  2.08438427E-05
  1.15000000E+00 -1.59530440E-06 -4.89905433E+01  0.00000000E+00 -2.11491391E-05  1.83428716E-02  2.23853396E-05
  1.20000000E+00 -2.69017676E-06 -4.89895848E+01  0.00000000E+00 -2.26662518E-05  2.01548560E-02  2.39459870E-05
  1.25000000E+00 -3.86141717E-06 -4.89885317E+01  0.00000000E+00 -2.41923211E-05  2.21374753E-02  2.55146096E-05
  1.30000000E+00 -5.10918496E-06 -4.89873753E+01  0.00000000E+00 -9.06982929E-06  2.44008257E-02  1.05938408E-05
  1.35000000E+00 -5.18461412E-06 -4.89860987E+01  0.00000000E+00 -9.73905944E-06  2.67981312E-02  1.13493511E-05
  1.40000000E+00 -5.68829785E-06 -4.89846988E+01  0.00000000E+00 -1.03526631E-05  2.94147952E-02  1.20371977E-05
  1.45000000E+00 -6.22127110E-06 -4.89831627E+01  0.00000000E+00 -1.08902401E-05  3.22723998E-02  1.26354860E-05
  1.50000000E+00 -6.77922252E-06 -4.89814776E+01  0.00000000E+00 -6.26944667E-06  3.55159224E-02  6.99732317E-06
  1.55000000E+00 -6.97717502E-06 -4.89796207E+01  0.00000000E+00 -6.86776272E-06  3.89528282E-02  7.54889420E-06
  1.60000000E+00 -7.33552106E-06 -4.89775872E+01  0.00000000E+00 -7.47901483E-06  4.26952902E-02  8.09818498E-06
  1.65000000E+00 -7.72475310E-06 -4.89753588E+01  0.00000000E+00 -8.10866596E-06  4.67712742E-02  8.65090472E-06
  1.70000000E+00 -8.14592768E-06 -4.89729184E+01  0.00000000E+00 -1.49783096E-05  5.13821204E-02  1.85741613E-05
  1.75000000E+00 -9.06658425E-06 -4.89702340E+01  0.00000000E+00 -1.56433464E-05  5.62522095E-02  1.97403565E-05
  1.80000000E+00 -9.86537749E-06 -4.89672996E+01  0.00000000E+00 -1.61908104E-05  6.15362120E-02  2.08355037E-05
  1.85000000E+00 -1.06886046E-05 -4.89640907E+01  0.00000000E+00 -1.66129391E-05  6.72684844E-02  2.18578249E-05
  1.90000000E+00 -1.15298048E-05 -4.89605840E+01  0.00000000E+00 -1.69058373E-05  7.34791113E-02  2.28103299E-05
  1.95000000E+00 -1.23824191E-05 -4.89567548E+01  0.00000000E+00 -2.15363780E-07  8.06937231E-02 -8.75719875E-07
  2.00000000E+00 -1.19759255E-05 -4.89525397E+01  0.00000000E+00 -6.61569081E-07  8.80666252E-02 -2.89398076E-07
  2.05000000E+00 -1.20201590E-05 -4.89479521E+01  0.00000000E+00 -1.03510471E-06  9.60031296E-02  2.29854466E-07
  2.10000000E+00 -1.20812527E-05 -4.89429535E+01  0.00000000E+00 -1.34134878E-06  1.04548889E-01  6.85801707E-07
  2.15000000E+00 -1.21559762E-05 -4.89375124E+01  0.00000000E+00 -5.97178238E-07  1.13902914E-01  6.74591499E-07
  2.20000000E+00 -1.21672309E-05 -4.89315834E+01  0.00000000E+00 -6.28588608E-07  1.23806380E-01  7.14520663E-07
  2.25000000E+00 -1.21994455E-05 -4.89251455E+01  0.00000000E+00 -6.50563583E-07  1.34408483E-01  7.41668570E-07
  2.30000000E+00 -1.22325231E-05 -4.89181600E+01  0.00000000E+00 -6.68667175E-07  1.45740018E-01  7.61381925E-07
  2.35000000E+00 -1.22664091E-05 -4.89105897E+01  0.00000000E+00 -6.88800840E-07  1.57824805E-01  7.78501055E-07
  2.40000000E+00 -1.23013524E-05 -4.89023964E+01  0.00000000E+00 -1.97016789E-07  1.70766949E-01  1.85488952E-07
  2.45000000E+00 -1.22989087E-05 -4.88935345E+01  0.00000000E+00 -2.07172435E-07  1.84444458E-01  1.87856370E-07
  2.50000000E+00 -1.23095212E-05 -4.88839703E+01  0.00000000E+00 -2.04511552E-07  1.98928872E-01  1.73215067E-07
  2.55000000E+00 -1.23196802E-05 -4.88736618E+01  0.00000000E+00 -1.93989987E-07  2.14231503E-01  1.42782421E-07
  2.60000000E+00 -1.23291167E-05 -4.88625676E+01  0.00000000E+00 -1.81367169E-07  2.30356776E-01  9.76329893E-08
  2.65000000E+00 -1.23378695E-05 -4.88506466E+01  0.00000000E+00  1.72704596E-07  2.47346793E-01 -4.55717104E-09
  2.70000000E+00 -1.23203825E-05 -4.88378546E+01  0.00000000E+00  2.08219936E-07  2.65123373E-01 -1.00437026E-08
  2.75000000E+00 -1.23090836E-05 -4.88241540E+01  0.00000000E+00  2.58727291E-07  2.83704999E-01 -2.29732365E-08
  2.80000000E+00 -1.22948845E-05 -4.88095042E+01  0.00000000E+00  3.26721731E-07  3.03074938E-01 -4.35800885E-08
  2.85000000E+00 -1.22768486E-05 -4.87938662E+01  0.00000000E+00  4.15668946E-07  3.23209593E-01 -7.21218400E-08
  2.90000000E+00 -1.22538415E-05 -4.87772023E+01  0.00000000E+00  6.13061271E-08  3.44100240E-01 -4.70016645E-08
  2.95000000E+00 -1.22596352E-05 -4.87594751E+01  0.00000000E+00  6.23770758E-08  3.65676580E-01 -5.61133836E-08
  3.00000000E+00 -1.22564896E-05 -4.87406518E+01  0.00000000E+00  6.15629913E-08  3.87913460E-01 -6.64763875E-08
  3.05000000E+00 -1.22534318E-05 -4.87207002E+01  0.00000000E+00  5.90962259E-08  4.10766214E-01 -7.87797393E-08
  3.10000000E+00 -1.22505387E-05 -4.86995906E+01  0.00000000E+00  5.53049418E-08  4.34185359E-01 -9.38181337E-08
  3.15000000E+00 -1.22478682E-05 -4.86772959E+01  0.00000000E+00  5.06001639E-08  4.58117587E-01 -1.12459939E-07
  3.20000000E+00 -1.22454558E-05 -4.86537917E+01  0.00000000E+00  3.28522933E-09  4.82526542E-01 -1.99612445E-08
  3.25000000E+00 -1.22464744E-05 -4.86290551E+01  0.00000000E+00 -2.21931728E-09  5.07318773E-01 -1.59160318E-08
  3.30000000E+00 -1.22467230E-05 -4.86030694E+01  0.00000000E+00 -9.46751345E-09  5.32448516E-01 -1.44865904E-08
  3.35000000E+00 -1.22473776E-05 -4.85758187E+01  0.00000000E+00 -1.96797559E-08  5.57854448E-01 -1.69874790E-08
  3.40000000E+00 -1.22486169E-05 -4.85472908E+01  0.00000000E+00 -3.44653865E-08  5.83474543E-01 -2.53122699E-08
  3.45000000E+00 -1.22507098E-05 -4.85174766E+01  0.00000000E+00 -5.58471704E-08  6.09247096E-01 -4.21047942E-08
  3.50000000E+00 -1.22540367E-05 -4.84863699E+01  0.00000000E+00 -8.62463788E-08  6.35111368E-01 -7.09593265E-08
  3.55000000E+00 -1.22591090E-05 -4.84539678E+01  0.00000000E+00  2.57130306E-07  6.61037042E-01  6.52259372E-08
  3.60000000E+00 -1.22376681E-05 -4.84202678E+01  0.00000000E+00  2.88569351E-07  6.86917613E-01  7.10707022E-08
  3.65000000E+00 -1.22224536E-05 -4.83852749E+01  0.00000000E+00  3.25551079E-07  7.12720221E-01  7.88325677E-08
  3.70000000E+00 -1.22052515E-05 -4.83489938E+01  0.00000000E+00  3.69866716E-07  7.38393828E-01  8.87279168E-08
  3.75000000E+00 -1.21856503E-05 -4.83114323E+01  0.00000000E+00  4.23639625E-07  7.63890215E-01  1.01106166E-07
  3.80000000E+00 -1.21631240E-05 -4.82726003E+01  0.00000000E+00  4.89282496E-07  7.89164607E-01  1.16521267E-07
  3.85000000E+00 -1.21370188E-05 -4.82325103E+01  0.00000000E+00  5.69422029E-07  8.14175833E-01  1.35805422E-07
  3.90000000E+00 -1.21065442E-05 -4.81911762E+01  0.00000000E+00  6.66790190E-07  8.38886415E-01  1.60139499E-07
  3.95000000E+00 -1.20707705E-05 -4.81486141E+01  0.00000000E+00 -5.80245755E-08  8.63301589E-01  2.32822079E-08
  4.00000000E+00 -1.20917921E-05 -4.81048386E+01  0.00000000E+00 -6.42203200E-08  8.87322949E-01  2.52517583E-08
  4.05000000E+00 -1.20951580E-05 -4.80598720E+01  0.00000000E+00 -6.78828559E-08  9.10954569E-01  2.40050616E-08
  4.10000000E+00 -1.20986437E-05 -4.80137334E+01  0.00000000E+00 -6.88626155E-08  9.34174138E-01  1.89072415E-08
  4.15000000E+00 -1.21021113E-05 -4.79664442E+01  0.00000000E+00 -6.72200522E-08  9.56962323E-01  9.31114299E-09
  4.20000000E+00 -1.21054313E-05 -4.79180264E+01  0.00000000E+00 -6.32621744E-08  9.79303005E-01 -5.46497974E-09
  4.25000000E+00 -1.21084954E-05 -4.78685028E+01  0.00000000E+00 -5.75628648E-08  1.00118309E+00 -2.61703251E-08
  4.30000000E+00 -1.21112311E-05 -4.78178966E+01  0.00000000E+00 -5.09615542E-08  1.02259233E+00 -5.36612192E-08
  4.35000000E+00 -1.21136141E-05 -4.77662317E+01  0.00000000E+00  7.51122183E-08  1.04355698E+00 -2.15086645E-09
  4.40000000E+00 -1.21067067E-05 -4.77135298E+01  0.00000000E+00  7.71330949E-08  1.06401065E+00  3.59962829E-10
  4.45000000E+00 -1.21027995E-05 -4.76598179E+01  0.00000000E+00  7.79868565E-08  1.08397814E+00  3.92172479E-09
  4.50000000E+00 -1.20988788E-05 -4.76051198E+01  0.00000000E+00  7.74210212E-08  1.10345875E+00  9.09112491E-09
  4.55000000E+00 -1.20950219E-05 -4.75494599E+01  0.00000000E+00  7.51814106E-08  1.12245328E+00  1.65505476E-08
  4.60000000E+00 -1.20913188E-05 -4.74928623E+01  0.00000000E+00  7.10036618E-08  1.14096414E+00  2.71041662E-08
  4.65000000E+00 -1.20878731E-05 -4.74353514E+01  0.00000000E+00  6.45998055E-08  1.15899515E+00  4.16684913E-08
  4.70000000E+00 -1.20848032E-05 -4.73769508E+01  0.00000000E+00  5.56400382E-08  1.17655135E+00  6.12564068E-08
  4.75000000E+00 -1.20822452E-05 -4.73176844E+01  0.00000000E+00  4.37315937E-08  1.19363887E+00  8.69575517E-08
  4.80000000E+00 -1.20803563E-05 -4.72575752E+01  0.00000000E+00  1.10117105E-07  1.21029686E+00  1.85399064E-08
  4.85000000E+00 -1.20731908E-05 -4.71966439E+01  0.00000000E+00  1.26983636E-07  1.22647410E+00  1.76553881E-08
  4.90000000E+00 -1.20664200E-05 -4.71349158E+01  0.00000000E+00  1.43217359E-07  1.24220636E+00  1.84073370E-08
  4.95000000E+00 -1.20588533E-05 -4.70724122E+01  0.00000000E+00  1.58561388E-07  1.25750285E+00  2.10821695E-08
  5.00000000E+00 -1.20505416E-05 -4.70091546E+01  0.00000000E+00  1.72772057E-07  1.27237307E+00  2.59472089E-08
  5.05000000E+00 -1.20415477E-05 -4.69451642E+01  0.00000000E+00  1.85625903E-07  1.28682684E+00  3.32437885E-08
  5.10000000E+00 -1.20319451E-05 -4.68804615E+01  0.00000000E+00  1.96924422E-07  1.30087423E+00  4.31810848E-08
  5.15000000E+00 -1.20218164E-05 -4.68150666E+01  0.00000000E+00  2.06498130E-07  1.31452549E+00  5.59314003E-08
  5.20000000E+00 -1.20112521E-05 -4.67489991E+01  0.00000000E+00  2.14209121E-07  1.32779098E+00  7.16259283E-08
  5.25000000E+00 -1.20003489E-05 -4.66822779E+01  0.00000000E+00  2.19953354E-07  1.34068113E+00  9.03517490E-08
  5.30000000E+00 -1.19892076E-05 -4.66149216E+01  0.00000000E+00  2.23662243E-07  1.35320635E+00  1.12149655E-07
  5.35000000E+00 -1.19779318E-05 -4.65469481E+01  0.00000000E+00  2.25304360E-07  1.36537702E+00  1.37013151E-07
  5.40000000E+00 -1.19666255E-05 -4.64783750E+01  0.00000000E+00  1.56876971E-07  1.37724156E+00  4.84428440E-08
  5.45000000E+00 -1.19604924E-05 -4.64092163E+01  0.00000000E+00  1.63221033E-07  1.38873837E+00  4.70117180E-08
  5.50000000E+00 -1.19521727E-05 -4.63394920E+01  0.00000000E+00  1.69630720E-07  1.39991135E+00  4.56533741E-08
  5.55000000E+00 -1.19435309E-05 -4.62692171E+01  0.00000000E+00  1.76133731E-07  1.41077053E+00  4.43480743E-08
  5.60000000E+00 -1.19345617E-05 -4.61984071E+01  0.00000000E+00  1.82753761E-07  1.42132560E+00  4.30731541E-08
  5.65000000E+00 -1.19252585E-05 -4.61270769E+01  0.00000000E+00  1.89510419E-07  1.43158607E+00  4.18018018E-08
  5.70000000E+00 -1.19156141E-05 -4.60552411E+01  0.00000000E+00  1.96419779E-07  1.44156123E+00  4.05024401E-08
  5.75000000E+00 -1.19056203E-05 -4.59829137E+01  0.00000000E+00  2.03495505E-07  1.45126015E+00  3.91387713E-08
  5.80000000E+00 -1.18952687E-05 -4.59101082E+01  0.00000000E+00  2.10751262E-07  1.46069164E+00  3.76685084E-08
