  0.00000000E+00  0.00000000E+00 -4.89000000E+01  0.00000000E+00 -6.14578739E-07  1.74495003E-01  7.25177220E-08
  2.00000000E-01 -1.22915748E-07 -4.88651010E+01  0.00000000E+00  7.75587415E-07  2.26725261E-01 -5.61552097E-07
  4.00000000E-01  1.71218351E-07 -4.88145329E+01  0.00000000E+00  2.46271395E-07  2.96470367E-01  2.13422995E-08
  6.00000000E-01  1.67541028E-07 -4.87482643E+01  0.00000000E+00 -8.04091557E-07  3.78969632E-01  4.95317949E-07
  8.00000000E-01 -9.83135790E-08 -4.86642205E+01  0.00000000E+00 -9.28890882E-08  4.71754849E-01  4.01393128E-07
  1.00000000E+00 -4.57711497E-08 -4.85605910E+01  0.00000000E+00 -5.75733311E-07  5.71595308E-01  2.33933057E-07
  1.20000000E+00 -2.09202234E-07 -4.84362879E+01  0.00000000E+00  1.89403488E-06  6.74654162E-01 -6.25005481E-07
  1.40000000E+00  4.16581562E-07 -4.82910512E+01  0.00000000E+00 -9.11140351E-08  7.77195585E-01 -6.35428720E-07
  1.60000000E+00  1.99843863E-07 -4.81253579E+01  0.00000000E+00  4.86634929E-06  8.76066491E-01 -4.12433553E-08
  1.80000000E+00  1.66886005E-06 -4.79402575E+01  0.00000000E+00 -2.27045866E-06  9.69036753E-01  6.58466614E-07
  2.00000000E+00  5.01087528E-07 -4.77371531E+01  0.00000000E+00  1.12308017E-06  1.05480020E+00  4.73022567E-07
  2.20000000E+00  1.06505744E-06 -4.75176168E+01  0.00000000E+00 -9.20039184E-07  1.13280362E+00  1.94949353E-07
  2.40000000E+00  6.76737672E-07 -4.72832557E+01  0.00000000E+00 -2.72600693E-06  1.20308927E+00  4.19086763E-07
  2.60000000E+00 -4.90604883E-08 -4.70356093E+01  0.00000000E+00 -1.45446865E-06  1.26603707E+00  4.17460780E-07
  2.80000000E+00 -2.12800390E-07 -4.67761071E+01  0.00000000E+00  2.93300905E-06  1.32222185E+00  5.09031192E-07
  3.00000000E+00  8.12549190E-07 -4.65060442E+01  0.00000000E+00 -2.57499800E-06  1.37230086E+00 -3.97059362E-08
  3.20000000E+00 -2.53251114E-07 -4.62265762E+01  0.00000000E+00 -4.51410251E-06  1.41694469E+00  7.16320599E-08
  3.40000000E+00 -1.34998207E-06 -4.59387228E+01  0.00000000E+00 -4.89294393E-06  1.45676211E+00 -1.33011742E-07
  3.60000000E+00 -2.36645500E-06 -4.56433887E+01  0.00000000E+00  1.24157157E-06  1.49242946E+00 -1.06186040E-07
  3.80000000E+00 -1.50468913E-06 -4.53413360E+01  0.00000000E+00  1.07063761E-06  1.52434885E+00  2.13925112E-08
  4.00000000E+00 -1.30765501E-06 -4.50332743E+01  0.00000000E+00  5.26463834E-07  1.55309234E+00  5.90106044E-08
  4.20000000E+00 -1.25677962E-06 -4.47197815E+01  0.00000000E+00  7.00874791E-07  1.57895592E+00 -1.46818061E-09
  4.40000000E+00 -1.09916356E-06 -4.44014040E+01  0.00000000E+00 -1.69851789E-06  1.60237192E+00 -2.88448750E-07
  4.60000000E+00 -1.67880641E-06 -4.40785880E+01  0.00000000E+00 -1.87105674E-06  1.62357644E+00 -2.10609191E-07
  4.80000000E+00 -2.07027164E-06 -4.37517523E+01  0.00000000E+00 -3.04216702E-07  1.64290080E+00 -4.14864171E-08
  5.00000000E+00 -1.97443098E-06 -4.34212397E+01  0.00000000E+00 -1.26716569E-07  1.66049570E+00 -7.90294369E-08
  5.20000000E+00 -1.98202428E-06 -4.30873810E+01  0.00000000E+00  1.65890880E-06  1.67662917E+00  2.44625884E-07
  5.40000000E+00 -1.47167998E-06 -4.27504418E+01  0.00000000E+00  1.42315290E-06  1.69139415E+00  2.56433186E-07
  5.60000000E+00 -1.21062499E-06 -4.24106865E+01  0.00000000E+00  7.54134293E-07  1.70501043E+00  4.58522448E-07
  5.80000000E+00 -1.12670000E-06 -4.20683228E+01  0.00000000E+00  6.75210595E-07  1.71753081E+00  4.72850362E-07
